CLADE_1 alpha =  0.453947

CLADE_2 alpha =  0.737709

CLADE_3 alpha =  0.4373

Pos 	CLADE_1	CLADE_2	CLADE_3	
1	-0.0009375	1.215	0.004192
2	-0.0009375	1.357	0.004192
3	-0.0009375	0.8006	0.004192
4	-0.0009375	-0.4163	0.004192
5	-0.0009375	1.025	0.004192
6	-0.0009375	1.984	0.004192
7	-0.0009375	2.73	0.004192
8	-0.0009375	2.931	0.004192
9	-0.0009375	1.506	0.004192
10	-0.0009375	0.2952	0.004192
11	-0.0009375	1.456	0.004192
12	-0.0009375	1.499	0.004192
13	-0.0009375	2.619	0.004192
14	-0.0009375	2.405	0.004192
15	-0.0009375	1.551	0.004192
16	-0.7742	0.2895	0.9762
17	-0.1974	1.484	2.745
18	0.9015	1.764	3.06
19	1.713	1.278	3.356
20	-0.4939	0.2895	3.349
21	1.997	0.3884	2.577
22	3.127	-0.2976	2.553
23	0.2187	0.7436	2.674
24	-0.09333	1.255	2.701
25	3.45	-0.08736	2.111
26	1.522	2.113	3.374
27	2.398	-0.007991	1.03
28	2.131	1.988	-0.5544
29	2.773	2.134	-0.7202
30	2.617	-0.4596	1.193
31	1.054	-0.1121	2.466
32	0.1735	-0.9244	3.942
33	0.4884	-0.9256	2.977
34	-0.5566	1.215	2.161
35	-0.0009375	0.001054	1.357
36	0.3057	-0.1991	3.634
37	1.722	-0.2096	1.151
38	-0.0009375	-0.813	1.222
39	-0.0009375	-0.1056	0.8802
40	-0.0009375	0.07152	3.883
41	-0.0009375	0.001054	0.8561
42	-0.0009375	0.001054	0.7027
43	-0.0009375	0.001054	0.6892
44	-0.0009375	0.001054	0.477
45	0.2962	0.169	-0.609
46	0.5472	0.7513	0.17
47	-0.1926	0.714	1.013
48	-0.3166	-0.1934	3.758
49	-0.6922	-0.1978	1.909
50	1.258	-0.813	0.4728
51	1.421	1.934	0.8282
52	0.1022	-0.4145	2.911
53	2.346	0.8383	2.168
54	-0.503	0.4388	1.276
55	-0.0009375	0.001054	0.004192
56	-0.0009375	0.001054	0.004192
57	-0.0009375	0.001054	0.004192
58	-0.0009375	0.001054	0.004192
59	-0.0009375	0.001054	0.004192
60	-0.0009375	0.001054	0.004192
61	-0.0009375	0.001054	0.004192
62	-0.0009375	0.001054	0.004192
63	-0.0009375	0.001054	0.004192
64	-0.0009375	0.001054	0.004192
65	-0.0009375	0.001054	0.004192
66	-0.0009375	0.001054	0.004192
67	-0.0009375	0.001054	0.004192
68	1.453	-0.324	2.734
69	3.526	1.182	-0.2331
70	2.906	0.4196	0.6111
71	-0.1377	0.9581	1.017
72	-0.6707	-0.7759	-0.5781
73	-0.7095	-0.8421	-0.6299
74	1.052	-0.6473	-0.314
75	0.03196	-0.5578	0.4376
76	-0.6707	-0.7759	-0.5781
77	-0.7552	-0.9244	-0.6939
78	-0.6707	-0.7759	-0.5781
79	-0.7558	-0.9256	-0.6956
80	-0.2819	0.923	0.7296
81	-0.4337	-0.1877	0.3169
82	-0.6874	-0.8042	-0.6012
83	-0.4605	-0.1765	-0.7284
84	-0.6789	-0.7898	-0.5902
85	-0.6707	-0.7759	-0.5781
86	-0.7819	-0.9747	-0.7321
87	-0.7422	-0.9256	-0.6956
88	-0.7552	-0.9244	-0.6939
89	-0.5181	-0.8093	2.451
90	-0.6922	-0.813	-0.609
91	-0.7857	-0.228	-0.7381
92	-0.7935	1.937	-0.27
93	-0.7749	-0.5908	-0.7284
94	-0.7095	-0.8421	-0.6299
95	-0.6922	1.17	3.877
96	-0.6904	0.2022	-0.605
97	-0.4251	-0.3941	-0.2113
98	-0.3011	-0.8421	-0.6299
99	-0.7422	0.6635	1.392
100	-0.6904	0.7875	-0.6956
101	0.4067	-0.9668	-0.7267
102	-0.00637	-0.5138	-0.7381
103	0.1796	-0.04206	0.3841
104	-0.6922	-0.813	-0.609
105	-0.0402	-0.7898	1.1
106	-0.6922	-0.813	-0.609
107	-0.7696	-0.9312	-0.6984
108	-0.7819	-0.6114	-0.7321
109	-0.7819	-0.9747	-0.7321
110	-0.7589	0.5252	-0.1134
111	-0.7782	-0.5364	-0.7284
112	-0.7819	0.6364	-0.2082
113	-0.7819	-0.6098	-0.2631
114	-0.7778	-0.9668	0.3034
115	-0.6904	-0.8093	-0.605
116	-0.6874	0.1211	-0.7284
117	-0.7095	-0.8421	-0.6299
118	0.7329	2.057	0.1779
119	-0.7422	1.799	2.282
120	-0.6922	-0.813	-0.609
121	-0.7696	-0.3868	-0.002245
122	0.6515	2.299	1.517
123	-0.4123	0.8027	-0.609
124	0.53	3.277	3.942
125	-0.7935	0.7467	1.7
126	-0.7749	-0.5662	-0.7238
127	0.7837	1.328	-0.07401
128	-0.7857	-0.9616	0.02488
129	-0.7749	-0.5584	-0.7284
130	-0.1945	-0.7898	0.2195
131	-0.6922	-0.813	-0.609
132	-0.6789	-0.7898	-0.5902
133	-0.6904	0.1438	1.47
134	-0.7819	-0.9747	-0.7321
135	-0.7589	0.02117	-0.2955
136	-0.6922	-0.813	-0.609
137	-0.7558	-0.9256	-0.6956
138	-0.7422	0.01163	-0.6768
139	-0.6874	-0.8042	-0.6012
140	-0.7095	-0.8421	-0.6299
141	-0.07136	1.967	0.2402
142	-0.7819	-0.5753	-0.7321
143	-0.6922	-0.813	-0.609
144	-0.7095	-0.8421	-0.6299
145	-0.3481	0.2306	0.2058
146	-0.7819	-0.9972	3.26
147	-0.3951	-0.1827	-0.1814
148	-0.4144	-0.9244	-0.6691
149	-0.7749	-0.9008	-0.6768
150	-0.1856	-0.813	0.1962
151	-0.7696	-0.9512	-0.1813
152	-0.6922	-0.813	-0.609
153	-0.7589	-0.9312	-0.6984
154	-0.7422	-0.9256	-0.05668
155	-0.7819	-0.9747	-0.7321
156	-0.7819	-0.9747	-0.7321
157	-0.7782	-0.4986	-0.2153
158	-0.7589	-0.9244	-0.6939
159	-0.7857	1.067	-0.2612
160	-0.7782	0.1211	-0.7284
161	-0.7935	0.061	-0.2644
162	-0.7552	-0.9244	0.0914
163	-0.4812	0.08583	-0.07455
164	-0.7778	-0.5418	0.2413
165	-0.6922	-0.813	-0.609
166	-0.7778	-0.1302	-0.2793
167	-0.7589	-0.4789	-0.1309
168	-0.6922	0.114	-0.7284
169	2.257	-0.8421	-0.6299
170	0.1095	-0.813	1.162
171	-0.6922	-0.2212	0.8886
172	-0.7422	-0.9008	-0.6768
173	-0.7422	-0.4116	-0.6768
174	-0.6922	-0.813	-0.609
175	-0.7696	-0.9512	-0.7135
176	-0.6922	-0.1775	-0.609
177	-0.7558	-0.9256	-0.6956
178	-0.7558	-0.9256	-0.6956
179	-0.7819	-0.9747	-0.7321
180	-0.7935	-0.9972	-0.75
181	-0.7782	-0.434	-0.7238
182	-0.7935	-0.9972	-0.75
183	-0.7857	-0.9819	-0.7267
184	-0.7749	-0.9616	-0.7238
185	-0.6904	-0.9972	-0.75
186	-0.7749	-0.9679	-0.7284
187	-0.7422	-0.4249	-0.6768
188	-0.3902	-0.0009408	1.492
189	-0.6904	0.8855	-0.605
190	-0.7778	-0.9668	-0.7267
191	-0.6874	-0.8042	-0.6012
192	-0.7552	0.4312	-0.6939
193	-0.7422	0.09147	-0.6956
194	-0.7778	-0.2049	0.3126
195	0.3034	2.204	0.3403
196	-0.7935	1.06	1.627
197	-0.6922	-0.813	-0.609
198	-0.7371	0.01845	-0.6939
199	0.1648	-0.813	-0.609
200	-0.6922	-0.813	-0.609
201	-0.6874	-0.8042	-0.6012
202	-0.6922	-0.813	-0.609
203	-0.5132	-0.9972	-0.75
204	-0.7371	-0.9244	-0.6939
205	-0.7819	-0.9747	-0.7321
206	-0.7696	-0.9512	-0.7135
207	-0.6922	-0.813	-0.609
208	-0.7935	-0.9972	-0.75
209	-0.7935	-0.9972	-0.7381
210	-0.4032	-0.9679	-0.7284
211	-0.7095	-0.8421	-0.6299
212	-0.3656	0.2013	3.338
213	-0.6904	-0.8093	-0.605
214	-0.6922	-0.813	-0.609
215	-0.7095	-0.8421	-0.6299
216	1.655	1.268	2.079
217	0.957	-0.6298	-0.2614
218	-0.6922	-0.813	-0.7284
219	0.002274	-0.9008	-0.6768
220	-0.7422	-0.9008	-0.6768
221	-0.6922	-0.813	-0.609
222	-0.7552	-0.9244	-0.6939
223	0.148	-0.813	0.1795
224	-0.7558	-0.9256	-0.6956
225	-0.7422	-0.9256	-0.6956
226	-0.7819	-0.9747	-0.7321
227	-0.7552	-0.9244	-0.6939
228	-0.7782	-0.9679	-0.7284
229	-0.7778	-0.9972	-0.75
230	2.219	-0.9819	0.2502
231	-0.7782	-0.9679	-0.7284
232	-0.0863	-0.8421	-0.3009
233	-0.2521	0.2635	0.5547
234	2.204	-0.5598	3.988
235	-0.7778	-0.9668	-0.294
236	-0.6874	-0.8042	-0.609
237	-0.7589	0.0367	0.536
238	-0.4444	-0.8093	0.5326
239	-0.2404	-0.813	-0.609
240	-0.4596	-0.2512	-0.2466
241	0.9086	-0.6636	-0.272
242	-0.6922	-0.813	-0.609
243	-0.3763	-0.9244	-0.6691
244	-0.7552	-0.9244	-0.6939
245	-0.6922	-0.813	-0.609
246	0.001716	-0.4989	-0.1935
247	0.2716	-0.813	-0.609
248	-0.7558	-0.9256	-0.6956
249	-0.6904	-0.8093	-0.605
250	-0.7819	-0.9747	-0.7321
251	-0.6922	-0.813	-0.609
252	-0.6922	-0.813	0.1838
253	0.07175	-0.9668	0.2294
254	-0.4671	-0.9747	-0.7321
255	-0.3231	-0.425	1.743
256	-0.1672	-0.9244	-0.605
257	-0.7782	-0.9679	0.0809
258	-0.06565	-0.9668	0.154
259	0.9879	-0.9256	1.761
260	-0.6904	-0.9256	2.276
261	-0.4995	-0.9819	-0.2161
262	-0.6874	-0.8042	0.2179
263	-0.4219	-0.9972	2.094
264	-0.0516	-0.9244	-0.7321
265	-0.6922	-0.813	-0.609
266	0.5214	0.006758	0.3577
267	0.004199	-0.9747	-0.7321
268	-0.6922	-0.813	-0.609
269	0.1436	-0.2535	-0.2644
270	-0.7422	-0.9008	-0.6768
271	-0.1781	-0.813	-0.609
272	-0.5126	-0.9972	-0.75
273	0.07933	-0.813	-0.609
274	-0.4049	-0.5503	-0.7238
275	-0.7552	-0.9244	-0.6939
276	-0.7819	-0.9747	-0.7321
277	-0.7935	-0.263	-0.75
278	-0.6922	-0.813	-0.609
279	-0.5136	0.01507	-0.2421
280	3.543	-0.06671	0.3804
281	-0.7095	-0.8421	-0.04345
282	-0.7095	-0.8421	-0.6299
283	1.191	1.209	1.925
284	1.127	-0.1443	-0.2056
285	-0.6922	-0.813	-0.609
286	-0.2703	-0.8421	-0.6299
287	-0.1775	-0.9972	-0.605
288	0.09256	0.6139	0.2772
289	1.394	-0.1571	0.2135
290	-0.6922	-0.813	-0.609
291	3.095	0.1575	0.1103
292	0.6261	0.01992	-0.6691
293	-0.003886	-0.813	-0.609
294	0.4493	0.4619	1.413
295	-0.6922	-0.813	-0.609
296	-0.7589	-0.9312	-0.6984
297	-0.3902	-0.9256	0.5379
298	-0.7819	-0.9747	-0.7321
299	-0.7589	0.2144	-0.7135
300	-0.4403	0.03935	-0.2217
301	0.8832	1.547	-0.2349
302	-0.00702	-0.5551	1.76
303	-0.7782	0.4735	-0.2072
304	-0.1324	-0.8421	-0.6299
305	-0.3724	0.7313	0.08088
306	0.1887	0.7311	0.4708
307	-0.7778	0.6913	-0.2229
308	-0.6874	-0.813	-0.6012
309	0.1636	0.5796	1.423
310	0.5201	0.5255	1.178
311	-0.6922	-0.96	-0.609
312	1.212	-0.4789	0.6346
313	0.6004	0.08881	-0.6984
314	-0.6922	-0.813	-0.609
315	-0.201	-0.4801	0.2591
316	-0.3845	0.1917	-0.6939
317	-0.6922	-0.813	-0.609
318	-0.7558	-0.9256	-0.6956
319	-0.04818	-0.1862	-0.1494
320	-0.7935	-0.9972	-0.75
321	-0.1888	0.1673	0.4287
322	-0.7819	-0.9747	-0.7321
323	0.01546	-0.9747	-0.7321
324	-0.6922	-0.813	0.1669
325	0.145	-0.9819	-0.3056
326	0.4955	-0.2324	0.3216
327	-0.6922	-0.813	-0.609
328	2.869	-0.8421	-0.6299
329	1.262	0.003826	-0.1225
330	-0.6904	-0.8093	-0.605
331	-0.7749	-0.813	0.3751
332	-0.6874	-0.201	-0.6012
333	0.00164	0.3863	-0.117
334	1.343	-0.9256	-0.6956
335	-0.6922	0.001075	-0.609
336	1.332	1.377	-0.6956
337	-0.1591	1.493	-0.7321
338	-0.6922	-0.813	0.03492
339	0.5533	2.687	-0.7381
340	0.2619	0.03096	-0.6984
341	-0.6922	-0.813	-0.609
342	0.523	-0.813	1.975
343	0.3033	0.3946	-0.609
344	-0.7552	-0.9244	-0.6939
345	-0.7819	-0.3528	-0.7321
346	-0.7819	-0.9747	-0.7321
347	-0.2333	-0.8421	-0.6299
348	-0.5566	-0.5973	-0.4389
349	2.404	1.279	1.882
350	-0.6707	-0.7759	-0.5781
351	-0.7558	-0.2238	1.183
352	-0.6707	-0.7759	-0.5781
353	0.4169	-0.5819	0.575
354	-0.08542	-0.813	-0.7202
355	-0.3482	0.07733	-0.6691
356	-0.5566	-0.5973	-0.4389
357	-0.7749	-0.813	-0.7238
358	0.2257	-0.5123	-0.6939
359	0.728	-0.4967	-0.6956
360	-0.5566	-0.5973	-0.4389
361	-0.6922	-0.3718	-0.609
362	0.02671	1.76	-0.1134
363	-0.1179	0.6181	0.9029
364	-0.2636	0.09638	0.1438
365	-0.7095	0.09771	0.06434
366	0.5321	0.4493	2.384
367	-0.12	0.555	-0.05267
368	-0.07165	-0.5308	-0.7238
369	-0.7819	-0.5803	-0.7321
370	-0.4563	-0.9616	-0.7238
371	-0.7552	-0.9244	-0.6939
372	-0.2096	-0.8093	-0.605
373	-0.6874	-0.1791	0.1795
374	-0.0387	-0.1093	-0.7202
375	-0.6707	-0.7759	-0.5781
376	-0.7589	0.0625	-0.6984
377	-0.3166	0.8332	-0.15
378	-0.7095	-0.8421	-0.6299
379	0.04507	-0.4341	-0.08092
380	1.258	0.1218	-0.05344
381	-0.4317	-0.5153	-0.7238
382	-0.7552	-0.9244	-0.1079
383	-0.6904	-0.164	-0.605
384	-0.7742	-0.5079	-0.7202
385	-0.4451	-0.5791	-0.2338
386	-0.11	-0.3941	-0.7284
387	-0.7552	-0.4513	-0.6691
388	-0.7422	-0.9256	-0.6956
389	-0.6922	-0.3941	-0.609
390	-0.1365	-0.6108	1.568
391	0.8617	2.562	2.801
392	-0.3754	0.09918	0.6201
393	0.9075	-0.1426	0.1815
394	-0.2636	-0.2973	-0.6012
395	0.3426	0.1192	-0.09064
396	-0.6707	-0.7759	-0.5781
397	-0.7095	-0.01276	0.7241
398	0.2948	2.266	-0.6956
399	-0.2921	2.668	1.761
400	-0.1566	1.038	3.21
401	1.349	3.61	3.771
402	3.579	0.1004	2.227
403	1.98	1.718	1.494
404	0.5036	2.321	-0.2374
405	3.626	3.016	0.8907
406	-0.0009375	3.032	1.733
407	-0.0009375	-0.4916	0.004192
408	-0.0009375	-0.365	0.004192
409	-0.0009375	1.264	0.004192
410	-0.0009375	1.056	0.004192
411	-0.0009375	-0.4916	0.004192
412	-0.0009375	0.886	0.004192
413	-0.0009375	1.662	0.004192
414	-0.0009375	1.494	0.004192
415	-0.0009375	0.001054	0.004192
416	-0.0009375	3.225	0.004192
417	-0.0009375	0.5636	0.004192
418	-0.0009375	3.087	0.004192
419	-0.0009375	2.752	0.004192
420	-0.0009375	2.57	0.004192
421	1.594	1.06	1.578
422	3.296	1.391	-0.2591
423	0.2674	3.507	0.2211
424	2.377	1.759	1.163
425	2.563	1.837	-0.114
426	0.2635	2.201	1.928
427	0.6842	0.5752	-0.7095
428	-0.1963	1.586	0.5176
429	3.763	2.189	1.151
430	2.682	1.265	3.196
431	-0.7095	0.7524	0.2577
432	0.03722	0.3434	1.106
433	0.2265	-0.9312	2.092
434	3.402	-0.8093	1.297
435	3.812	-0.9972	2.119
436	0.8571	-0.813	3.057
437	1.955	-0.8042	0.06098
438	3.145	-0.9819	2.39
439	2.834	-0.813	2.396
440	1.128	0.001054	0.004192
441	1.128	0.001054	0.004192
442	-0.5073	0.001054	0.004192
443	1.268	0.001054	0.004192
444	-0.0009375	0.001054	0.004192
445	-0.0009375	0.001054	0.004192
446	-0.0009375	0.001054	0.004192
447	-0.0009375	0.001054	0.004192
448	0.09776	-0.4513	-0.7238
449	2.533	-0.2586	-0.7381
450	2.633	-0.3844	0.887
451	2.047	-0.9244	0.5695
452	-0.7095	-0.8421	0.0733
453	0.5621	0.001054	0.004192
454	3.73	0.001054	0.004192
455	3.571	0.001054	0.004192
456	3.698	0.001054	0.004192
457	2.466	0.001054	0.004192
458	2.576	0.001054	0.004192
459	3.724	0.001054	0.004192
460	-0.07941	0.001054	0.004192
461	0.198	0.001054	0.004192
462	0.9946	0.001054	0.004192
463	3.678	0.001054	0.004192
464	1.804	0.001054	0.004192
465	2.128	0.001054	0.004192
466	-0.0009375	0.001054	0.004192
467	0.8056	-0.2267	2.98
468	0.2312	1.59	2.789
469	-0.5069	2.69	0.6162
470	1.767	0.6671	3.822
471	-0.7095	-0.3082	0.1035
472	3.004	-0.8765	0.6229
473	3.161	-0.2403	3.397
474	3.189	-0.1328	3.609
475	2.461	2.291	1.542
476	2.098	-0.8482	0.9673
477	-0.0009375	0.001054	0.004192
478	-0.0009375	0.001054	0.004192
479	-0.0009375	0.001054	0.004192
480	-0.0009375	0.9958	2.886
481	1.721	0.6105	1.279
482	1.5	1.316	-0.2685
483	1.299	1.503	-0.7381
484	-0.4054	0.8004	2.279
485	-0.2582	0.7649	1.852
486	1.412	0.9508	-0.01433
487	-0.0009375	1.373	0.004192
488	3.365	0.3616	3.531
489	-0.0009375	0.001054	0.004192
490	3.461	2.039	1.208
491	0.1554	-0.3861	-0.03988
492	1.201	0.7413	-0.2414
493	0.9174	-0.813	-0.7284
494	0.7223	1.507	0.7897
495	0.5441	1.139	-0.7284
496	1.567	2.095	2.237
497	1.102	-0.9544	-0.7238
498	-0.1047	-0.8834	-0.6691
499	3.621	-0.2865	-0.75
500	-0.3951	-0.804	0.5389
501	-0.4956	-0.1988	0.1596
502	0.5594	0.6523	0.9797
503	-0.4268	-0.4363	1.346
504	1.638	-0.179	-0.7381
505	-0.4758	-0.4196	-0.1745
506	1.406	0.1936	0.3471
507	-0.7749	-0.1486	-0.7284
508	0.7167	-0.2077	-0.75
509	-0.5566	-0.5877	-0.4389
510	3.671	1.259	0.5739
511	-0.536	0.708	0.4681
512	2.754	3.612	0.2744
513	0.405	1.017	0.1277
514	-0.1988	-0.2335	-0.6299
515	-0.4615	-0.03516	-0.7202
516	-0.1133	0.6659	-0.7381
517	0.3323	-0.9909	-0.7267
518	0.3537	-0.7954	-0.609
519	-0.7371	-0.9169	-0.6939
520	-0.2001	-0.804	-0.609
521	-0.7857	-0.9909	-0.75
522	-0.5566	-0.5877	-0.4389
523	-0.7749	-0.804	-0.5754
524	-0.7371	-0.9169	-0.0309
525	-0.4327	-0.804	1.138
526	-0.1758	-0.8005	-0.605
527	-0.4436	0.43	-0.7135
528	-0.503	-0.6627	-0.75
529	-0.1785	1.064	-0.6299
530	0.4394	-0.9668	-0.2332
531	1.285	0.4872	0.1712
532	0.2662	-0.8093	-0.605
533	-0.2538	-0.6655	-0.75
534	0.6081	-0.5746	-0.7284
535	-0.0008985	-0.9819	-0.7381
536	-0.7422	-0.3868	-0.6768
537	-0.3889	-0.619	-0.7381
538	-0.4706	-0.813	-0.7284
539	-0.4615	-0.5646	-0.7238
540	0.357	0.6985	-0.1839
541	0.2962	-0.8093	-0.605
542	1.018	0.036	0.489
543	0.5796	0.6306	-0.6939
544	0.02233	-0.002307	2.916
545	0.5903	0.1366	0.009877
546	2.35	-0.1239	-0.5902
547	-0.2188	-0.2216	-0.609
548	-0.6922	-0.813	0.1147
549	1.837	-0.9755	-0.7381
550	-0.5052	0.06526	-0.7267
551	-0.6922	-0.804	-0.609
552	-0.7422	0.2082	-0.6768
553	-0.7095	-0.8421	-0.6299
554	0.4612	2.291	2.329
555	-0.7935	-0.9972	-0.75
556	-0.4184	-0.06078	1.106
557	-0.6789	-0.7809	-0.5902
558	-0.3889	-0.05724	-0.1317
559	-0.7782	-0.5797	0.4438
560	-0.6707	-0.7759	-0.5781
561	-0.2404	-0.4157	-0.206
562	0.5919	-0.5094	-0.7238
563	-0.1274	0.04308	-0.6299
564	-0.6922	-0.4094	-0.7202
565	-0.7558	2.738	-0.6768
566	0.2166	2.687	-0.7381
567	0.368	2.368	-0.287
568	-0.7686	2.071	-0.7321
569	-0.0009375	0.9828	0.004192
570	-0.0009375	2.171	0.004192
571	-0.0009375	-0.4744	0.004192
572	-0.0009375	0.5599	0.004192
573	-0.0009375	0.001054	0.004192
574	-0.0009375	0.001054	0.004192
575	-0.0009375	0.001054	0.004192
576	-0.0009375	0.001054	0.004192
577	-0.0009375	0.001054	0.004192
578	-0.0009375	0.001054	0.004192
579	-0.0009375	-0.365	0.004192
580	-0.0009375	-0.3544	0.004192
581	-0.0009375	1.615	0.004192
582	-0.0009375	1.885	0.004192
583	-0.0009375	1.171	0.004192
584	0.02803	3.414	0.4337
585	0.002344	2.136	-0.5902
586	-0.4022	3.384	0.1438
587	1.654	2.775	-0.2948
588	0.5689	0.7454	-0.6956
589	-0.7422	1.945	-0.07508
590	0.4065	1.726	-0.2644
591	-0.7857	-0.8421	0.07582
592	1.046	0.02517	-0.2131
593	-0.6707	-0.1537	-0.5781
594	-0.529	-0.9668	-0.7284
595	-0.7422	0.2202	-0.6768
596	-0.4779	-0.155	-0.7381
597	1.021	-0.9008	0.5907
598	-0.7857	-0.9819	-0.7381
599	0.0977	0.5769	0.429
600	-0.08288	0.2248	0.9443
601	-0.2178	3.455	2.152
602	3.743	2.933	-0.05634
603	1.112	2.477	0.5277
604	0.3241	0.001054	-0.5902
605	-0.1495	0.001054	-0.7321
606	0.8647	0.001054	0.004192
607	0.4571	0.001054	0.004192
608	-0.465	-0.09866	-0.6299
609	-0.3986	2.03	-0.7381
610	-0.0009375	0.001054	0.004192
611	2.352	1.228	-0.7381
612	1.886	0.7319	-0.7381
613	-0.5056	0.5932	-0.609
614	-0.0159	0.8483	-0.7321
615	-0.005465	2.009	-0.13
616	-0.3486	0.3124	-0.6768
617	-0.4181	0.7347	-0.6984
618	-0.04175	0.391	-0.6768
619	-0.1201	2.828	-0.6691
620	0.5158	0.4307	-0.6768
621	0.8306	1.772	-0.6299
622	2.009	1.573	-0.5902
623	2.6	0.001054	-0.6691
624	0.7501	0.001054	-0.7321
625	-0.7935	-0.05269	-0.298
626	-0.2858	0.9017	1.34
627	-0.1781	-0.813	0.1683
628	-0.6922	-0.8421	-0.6299
629	-0.1994	-0.196	-0.609
630	-0.7778	-0.9668	-0.7267
631	-0.6904	-0.8093	-0.1917
632	0.1913	-0.9679	-0.7284
633	-0.7782	-0.5908	-0.7284
634	-0.6904	-0.8093	-0.605
635	-0.6904	-0.8093	-0.605
636	-0.7778	-0.5814	-0.7267
637	-0.7749	-0.5138	-0.7238
638	0.02048	-0.5907	-0.7267
639	1.077	0.503	-0.609
640	-0.7749	-0.9616	-0.1152
641	-0.0009375	-0.4639	0.2591
642	-0.6922	-0.813	-0.2304
643	-0.4563	0.7529	1.266
644	0.04336	-0.813	0.06647
645	-0.6922	-0.1764	0.004192
646	-0.6922	0.4755	-0.609
647	-0.503	1.068	-0.7267
648	0.02184	0.8962	-0.609
649	-0.6874	0.4869	-0.7238
650	-0.6707	-0.7759	-0.5781
651	-0.5566	-0.5973	-0.4389
652	-0.4437	-0.7898	-0.5902
653	-0.452	0.2201	-0.7238
654	-0.7696	-0.5521	-0.7135
655	-0.3376	-0.01106	-0.6939
656	-0.7371	-0.154	-0.7321
657	-0.3166	-0.2176	-0.605
658	-0.7552	2.404	-0.3126
659	0.3876	0.5423	-0.609
660	0.5042	1.671	-0.6012
661	-0.5181	0.64	-0.75
662	0.06689	2.417	-0.6939
663	0.06555	1.389	-0.2594
664	-0.5566	1.598	-0.5781
665	-0.0009375	1.143	0.004192
666	-0.7371	0.7186	0.2829
667	-0.6789	-0.1544	-0.5902
668	-0.7819	0.4005	-0.2955
669	-0.3889	-0.4614	-0.6691
670	-0.0009375	0.001054	0.004192
671	-0.0009375	0.001054	0.004192
672	-0.0009375	0.001054	0.004192
673	-0.0009375	0.001054	0.004192
674	-0.0009375	0.001054	0.004192
675	-0.0009375	0.001054	0.004192
676	-0.0009375	0.001054	0.004192
677	-0.6904	0.8963	-0.605
678	-0.0009375	-0.06564	-0.6939
679	-0.0009375	1.432	0.004192
680	-0.0009375	0.7194	0.004192
681	-0.7552	-0.4473	-0.6939
682	-0.7552	0.623	-0.6939
683	-0.7371	0.0171	-0.6691
684	-0.7558	-0.9256	-0.6956
685	-0.7558	-0.9256	-0.6956
686	-0.6789	-0.7898	-0.5902
687	-0.6707	-0.06423	-0.7267
688	-0.7422	-0.9008	-0.6768
689	-0.7778	-0.9972	-0.7267
690	-0.6904	-0.8093	-0.605
691	-0.7857	-0.9819	-0.7381
692	-0.7371	-0.3272	-0.6691
693	-0.7371	-0.8915	-0.6691
694	-0.7558	-0.9256	-0.6956
695	-0.7819	-0.5442	-0.7321
696	-0.7935	-0.2236	-0.75
697	-0.7782	-0.9679	-0.7284
698	-0.6922	-0.813	-0.609
699	-0.7422	-0.9008	-0.6768
700	-0.4533	-0.9679	-0.7284
701	-0.7857	-0.9244	-0.6939
702	-0.7422	-0.2271	-0.6768
703	-0.7857	-0.2826	-0.7381
704	-0.0009375	0.001054	0.004192
705	-0.0009375	0.001054	0.004192
706	-0.7935	-0.8093	-0.75
707	-0.6874	-0.1501	-0.6012
708	-0.7589	-0.9312	-0.1255
709	-0.7782	-0.96	-0.7202
710	-0.4189	0.1011	-0.1775
711	-0.5126	-0.2454	0.06098
712	-0.6922	-0.1307	-0.2187
713	-0.7819	0.9005	0.2197
714	-0.0009375	0.5788	0.004192
715	-0.0009375	1.097	0.004192
716	-0.0009375	-0.688	0.004192
717	-0.0009375	-0.579	0.004192
718	-0.0009375	0.577	0.004192
719	-0.7819	-0.002911	1.549
720	-0.3902	-0.2978	2.809
721	-0.7589	0.8913	0.8818
722	-0.6922	1.774	0.3751
723	-0.6922	2.858	-0.75
724	-0.7371	0.6153	-0.6691
725	-0.6904	-0.9008	-0.6768
726	0.03741	0.007711	-0.6768
727	-0.6874	1.612	-0.6012
728	-0.7552	0.4233	0.3087
729	-0.0009375	-0.378	0.004192
730	-0.2636	-0.585	-0.7284
731	-0.7589	-0.5599	-0.7135
732	-0.7095	-0.6298	-0.7381
733	-0.4656	-0.9557	-0.7284
734	-0.6789	-0.7888	-0.6012
735	-0.1842	-0.8275	-0.6299
736	-0.7095	-0.9863	-0.6299
737	-0.7819	-0.583	-0.7321
738	-0.6904	0.4026	-0.605
739	-0.6904	0.3305	1.141
740	-0.04818	-0.06689	0.2174
741	0.4667	-0.1292	-0.609
742	0.4041	0.637	-0.5902
743	-0.4065	0.2219	-0.6691
744	-0.7558	0.3931	0.2191
745	-0.6707	1.295	1.973
746	-0.4326	0.04965	0.3936
747	0.001716	0.1251	-0.75
748	0.5032	0.6755	-0.6768
749	0.8238	-0.2348	-0.2955
750	-0.0009375	0.001054	0.004192
751	-0.0009375	-0.5502	0.004192
752	-0.0009375	0.7454	0.004192
753	-0.0009375	0.8402	0.004192
754	-0.0009375	-0.7742	-0.75
755	-0.0009375	-0.794	-0.2584
756	-0.7819	-0.9707	-0.2955
757	-0.4373	-0.1805	-0.7321
758	0.5311	-0.9113	-0.6939
759	0.1181	-0.794	-0.75
760	-0.6789	-0.7742	-0.5902
761	-0.6707	-0.9113	-0.6939
762	0.08482	0.001054	0.004192
763	-0.5027	0.07238	-0.6956
764	-0.7935	0.4853	-0.75
765	0.1182	-0.1594	-0.605
766	-0.7505	-0.5764	-0.7284
767	-0.2036	-0.8421	-0.6299
768	-0.2115	-0.4382	-0.6956
769	-0.1359	0.2694	-0.75
770	-0.1706	-0.4541	-0.6956
771	-0.0719	-0.07315	-0.1713
772	0.07771	0.1512	-0.75
773	-0.45	-0.08881	-0.7135
774	-0.7857	-0.242	-0.75
